28623
13261
17417
48525
88688
74719
33424
45325
92323
38031
88617
77787
68643
84349
30555
93910
73252
34262
2067
72652
7833
30741
94533
2989
57918
19016
8697
60285
67244
72922
55043
87409
9712
80924
95772
669
21250
46679
62817
82964
51163
69910
52198
58597
50344
746
3892
90141
7670
26427
6386
69733
57590
71618
16804
32535
370
39313
20995
57262
74800
26662
38399
73235
67724
65529
35236
39162
37409
74586
64141
49587
76560
77386
32364
72503
9173
63622
54490
34318
57686
64639
46552
68126
45748
55597
71539
35534
71295
17540
30459
82588
59769
18940
8594
33488
72561
40920
11984
93841
74004
48090
23760
43114
80176
6915
34637
15430
27696
49882
34336
11123
16518
93895
70498
57361
49558
64848
5778
50976
49078
38507
22911
32950
27252
20311
14734
10211
83371
29088
55769
66883
9493
35330
47600
70943
51238
61477
73248
10500
31136
26460
94816
84720
75857
62766
71751
67455
83071
69678
71243
61053
1896
46921
44198
79432
14781
27958
74939
37694
6604
69116
56746
22991
43500
43527
83578
75489
7979
57011
88161
77325
77115
68998
31928
90779
16911
4324
12442
83687
9661
84306
88134
28677
59539
78003
33391
61376
10840
83744
12522
42282
44418
22683
83656
20348
46519
90927
51166
79476
68836
48210
77636
16833
94542
4482
92436
27257
53979
45216
57654
81118
53304
59178
65679
54743
17577
33048
63118
53794
88922
28818
82529
53524
17437
74112
55355
61313
83165
15294
90721
67777
68595
20248
63144
86456
29651
40016
79589
85922
73389
55490
67333
83064
88402
84637
80231
80348
19285
53735
29062
723
86549
48576
89424
56080
52661
8970
11091
67063
1372
72755
70356
84804
60684
83476
78241
70664
15991
74360
15575
37236
45976
88770
70138
51915
7364
43743
81520
91955
16107
58194
34002
43135
74631
91961
61525
57170
49921
49417
21537
67795
3552
27793
74764
68448
77022
21455
85576
4048
89362
87208
61535
76180
80319
79978
90649
91311
16325
55437
10244
63107
18483
67414
29403
8600
84384
81123
87186
82179
34490
84907
27965
33671
92087
87388
55790
91170
7609
12543
13666
56157
22509
73416
78325
63431
20922
46012
517
1659
92630
79465
35425
15893
83213
76609
55761
74491
49788
49223
79138
2609
54634
76438
88583
17113
17787
38918
81755
50243
78876
34236
9208
57077
45957
1188
73423
35892
28344
22969
64173
9208
41054
24243
49304
10565
37380
46326
27893
18142
61410
14790
41775
58584
7328
5750
74008
31651
18690
40592
35929
52538
14778
57850
42748
4970
60000
81607
1191
70570
33687
27322
71479
82069
52985
70275
48386
63302
88421
13311
23177
23763
69358
71628
74982
64099
62707
40078
57299
50519
50011
94653
9556
56871
42037
75565
17298
22757
20241
8310
66090
76601
79223
41040
27136
36587
44143
59526
59443
87926
21146
33721
18948
76294
89202
23669
18729
73229
58678
50247
57336
29205
91848
23516
48224
19287
3341
55603
92502
51350
59682
41326
91833
90233
12381
20668
1834
50864
70061
58337
89463
53166
47306
54483
37041
49817
48634
1783
79606
16473
69073
14926
93547
47742
1826
44664
17990
62303
27287
17176
74753
45840
59960
7254
64102
18948
65877
26149
7360
52628
94911
82092
3741
68076
50516
212
24875
11514
41284
50730
44302
31667
37762
65628
72992
93759
62306
28289
70254
93300
72677
33566
76662
4027
12938
47794
26607
80145
24797
86202
87253
89058
71681
35441
2735
12399
4726
75666
47904
70574
29683
27470
49847
52430
11508
76656
84587
61077
18733
24289
76780
21662
71560
67562
50873
18908
23043
51028
1096
18364
46231
87641
48204
49951
46297
59665
69061
53081
33437
38365
27005
59459
51175
2416
36599
91169
13572
45406
46691
59653
57936
46810
46673
95666
434
22454
18429
67706
46154
64651
27115
70868
65854
71854
77617
85451
94104
41797
13242
35141
13875
27951
74619
5504
64586
14042
87372
67033
37076
17615
49226
78880
85982
74338
88298
17922
71184
8563
33693
16462
35644
62555
34123
41166
90660
76229
43908
89712
88691
9890
22404
46079
67309
78297
88444
51685
12432
39036
24129
41012
62306
36562
49164
58032
83777
73746
11955
766
83779
58932
77410
31762
16566
22756
24945
25096
36642
95325
66160
70726
69469
73232
83328
46249
19521
36774
39679
18121
2886
82212
82416
91797
2172
20418
68955
76462
7615
48283
10304
25398
48320
60563
69530
58425
87991
29274
91591
11249
69429
65997
53932
65093
58391
3320
4245
2170
34830
82262
93614
41337
36693
2960
76945
23976
54816
46746
35702
88747
1082
13721
21535
82972
64633
92804
1768
87534
66101
14771
71812
80150
10864
68077
37408
76741
92237
84177
35385
43794
28654
21711
83570
87874
45430
36255
28132
58189
26368
86147
27498
66985
56105
94249
74494
56439
34214
23285
94126
65225
13425
6125
91811
52582
14941
69990
42505
39601
87235
70617
76477
70918
62040
47655
62596
66645
49523
92212
46186
12435
18854
47266
64699
71242
81157
67514
82954
9536
66724
85807
17359
17017
25626
10765
79107
24068
22283
81535
85728
91624
15038
86467
57796
54153
89526
82671
16907
61046
52810
37593
47535
40119
88253
37338
20955
56550
89205
83216
47040
20727
48234
45179
55390
4499
42245
22750
65741
61097
4979
43207
1369
10557
6852
13937
57760
72437
18365
9995
82278
10215
56854
1263
70024
50857
22308
71886
37193
87052
26412
64451
87002
41091
95622
14606
88279
10160
64585
52802
36440
17103
43762
26873
59070
14863
2511
56533
61280
87103
79095
23885
17983
84841
3410
32995
37241
17431
4479
95777
1542
95097
7989
91005
21936
63565
76916
51624
36141
37778
14353
86484
88126
42991
45948
77196
72518
55793
94103
80531
29459
27289
70458
45929
45891
33125
28234
73626
25807
19290
56454
28214
11217
47492
3197
40197
26263
28735
17790
65390
39610
45153
95247
66334
38580
67816
62111
77011
64909
91406
31349
34192
89036
90912
65272
27510
84907
83485
68251
44965
77613
22602
79405
23295
91941
39894
23297
18074
64743
41973
53009
35316
89457
92388
28897
89547
17046
69811
51923
19849
345
1343
92127
7734
75191
15776
86447
84618
63162
51019
67467
59449
36001
67459
14995
83903
37134
31958
46051
48153
22058
39733
18623
62060
63359
35127
39150
54800
25001
83965
57129
19011
18192
4548
60946
29848
56286
3240
94361
81813
62556
712
15231
78944
76505
31
30339
82762
37437
85433
59976
71515
47928
54584
26117
59261
74012
8138
40113
3641
95657
41953
15287
53194
20785
47140
51580
79765
20368
37234
93975
6535
8250
72399
8455
76509
16135
90864
56307
94837
88790
51413
36743
66648
63989
25207
6696
44027
74804
70646
93541
6814
94227
19207
76446
23466
51479
76431
12436
27478
64616
89423
74307
79969
52710
42266
50370
30495
83609
48537
20385
83079
95066
47926
23329
1642
61013
13533
45943
68174
64226
67217
27973
74542
21135
26953
81580
25788
26059
51505
22285
76910
33941
60927
67647
29656
25695
57919
64847
38406
84944
69064
7682
87131
90448
3487
66519
1932
36883
62631
71803
77608
26841
87397
39825
90761
51775
19783
22971
72695
62889
73533
35138
83432
45728
35377
41134
14654
57802
56186
30456
71503
29991
89048
62684
52772
6759
86792
65554
62991
54315
78554
45535
83068
89802
87088
73024
58695
25422
22984
49540
30514
70619
61047
32271
44929
80542
76942
3870
41855
78357
67081
42681
40757
16516
20782
14968
68521
39541
10766
31940
74373
35133
23524
80804
67411
32720
12889
84804
82993
11896
92218
17132
59541
30440
23963
6602
42022
75772
52283
42195
76841
7858
62708
16885
78363
42442
11301
95256
51386
80083
84958
85790
59308
57492
37275
11927
12650
66876
46179
48036
88405
39968
9747
20748
24369
14888
74151
66817
10638
43231
51280
91501
82901
70166
21726
85823
76788
33630
54789
42622
31361
33607
88490
92932
55045
6448
7543
39867
46740
9796
8946
73324
41418
41324
58413
88524
77759
38998
76757
86450
17521
19101
65286
19410
83990
74845
17753
63107
18182
87217
12128
55850
76680
65588
82950
92359
17146
14886
26707
60981
39515
16559
38979
76040
4234
10074
95165
91269
23066
31209
91875
47501
80709
37837
72552
20287
60045
64658
44329
80218
40330
68304
37604
44343
51414
9840
3843
77027
35128
66190
10178
73513
84778
89671
43596
42116
21100
90415
85537
59146
41814
19818
73769
24822
13950
34208
51786
75714
57844
29008
55423
2071
47563
92785
71557
52581
67620
45945
42384
86012
93058
4066
9342
33238
48337
91877
39531
30379
28592
17638
87277
43301
8221
55984
73043
2837
61466
56702
19673
13710
38419
24527
29893
16128
16211
76138
27585
37925
3444
59431
93248
33206
45698
45320
69447
20460
2189
70334
37769
7244
77245
20092
66324
1451
73072
64885
79566
3619
23877
25870
92335
70900
35821
32221
59895
65
36608
72562
3700
55578
3170
79699
88464
38971
1793
71174
15646
47754
12065
29920
48127
88547
2333
20695
24134
90614
26147
8220
80939
47321
36669
91426
91752
41634
52428
30162
80042
62981
91651
63258
38426
84292
43217
71310
67862
19342
60722
92146
29386
83264
44709
17909
11992
38943
76602
11992
53163
25788
23794
70663
49122
40746
31410
55296
38325
79660
74011
90127
3714
56765
50904
56068
82453
67626
1092
36605
81873
65575
73085
66266
3350
2147
90719
40983
46401
40634
58349
71966
33089
91193
95053
8072
46800
73077
83120
64012
92591
86742
12944
19194
74916
69409
71855
17458
90043
74951
35687
46492
22470
81249
50
28658
69947
40968
23936
6199
41478
49067
83653
20603
21595
67845
54932
52437
70310
64955
15189
79666
41890
83231
58567
79080
94487
80072
67121
20058
38582
7411
33532
7772
52870
18120
9249
53457
4149
30643
59578
69109
48219
34768
49759
58398
94293
5290
16433
20589
12309
16299
82047
45404
56376
27786
93499
5039
11462
21295
57807
30945
67879
94228
36993
29220
7375
40119
19814
48082
87288
90338
86730
47826
19623
57532
76206
87616
17004
59290
64322
75453
31598
86491
47181
74878
31991
44241
91899
60495
59377
56762
71806
11277
68623
71762
25822
45213
60578
40706
37777
50464
78789
4114
78580
10636
54780
77162
31910
15507
91588
66055
48660
74253
84692
27895
9504
90838
11170
1828
62680
8042
54332
20818
66063
39882
61187
15116
10054
38111
79297
46370
36413
71215
32069
58517
47604
25376
92100
75559
44192
81462
13915
2623
72874
90267
56142
80336
8273
62489
52716
77347
16670
20383
58196
31527
64375
77594
23575
44095
51064
92983
52283
69280
52130
55553
80567
83928
24709
28538
9704
11157
73764
58527
55002
87993
47783
529
8608
69329
35159
75181
29808
83
53523
82422
11972
73893
31748
42935
30731
53116
19160
93093
64861
79688
16915
60774
56145
52658
62315
5746
37152
84718
88456
11659
62683
46010
35972
55486
73679
61050
70266
40863
26772
45083
89385
87904
63700
86017
60107
7554
34589
39860
45735
14124
10127
2279
93729
74478
89421
30389
69795
4568
41529
71063
69299
26146
20041
20796
45318
35603
79245
83267
46295
7277
89192
38566
87503
55812
58120
69218
3145
32411
51276
74685
41368
50758
90496
23872
77846
48338
84462
55775
56062
75484
82882
15970
40553
55756
52987
79133
38063
60513
63021
61816
28269
12109
93778
15904
25390
83304
8280
30489
93138
27915
84867
6580
4272
809
1999
62873
67553
51627
79625
43981
12905
45204
35602
94806
27893
82257
78584
24196
59641
80929
43615
68422
33996
56888
25380
41332
77534
35207
16296
44717
48891
21206
75084
55275
65294
14499
58527
29076
9187
65490
57545
1584
13878
80334
156
16116
40537
11473
52128
95433
8252
65089
7150
17684
70093
9031
86357
51626
55663
23860
26461
53444
27855
64196
60554
86097
77868
26488
40832
11613
32533
88567
66481
73813
49737
29593
68175
77768
77327
72298
46575
63802
3185
17571
13642
58594
348
6842
63487
11121
22556
50704
81301
70782
69372
69749
78607
58379
94109
74056
81268
11855
43765
74966
78199
40948
79425
35381
15686
43635
60962
90051
68520
75350
10697
22039
39911
32017
12845
26264
60035
90676
67608
55027
26789
30077
40890
55021
89031
18817
2668
64428
39693
83468
12940
87786
61418
84063
9213
19694
74098
56037
83576
29195
89721
81749
68632
20550
38062
5916
57227
46373
6371
8402
10536
82451
7903
37720
87114
25543
17578
22976
52729
45058
52913
17407
93845
93392
79197
41920
78984
56192
732
39329
5670
80991
6782
61173
56000
12
17903
68129
72320
47227
56731
22928
87050
94179
30132
76115
49314
74859
15011
80751
60761
18858
54281
8875
1385
67036
27079
33018
27073
95618
89311
85443
36998
8710
7979
71538
61304
10984
57516
47296
46096
31666
51934
34619
29856
87583
23938
17992
58180
29109
69510
29971
78214
70773
83638
7018
41531
26633
65777
47786
3452
2563
991
1171
188
49597
6036
40278
8406
18831
50379
24134
3796
71060
59850
51952
89626
49152
28966
47867
1028
73570
26228
8761
29373
39315
46418
46579
57611
90480
24018
43725
69871
95180
14343
29009
55334
20579
52857
57082
72762
66232
51238
4465
19996
87603
77610
11230
68106
27174
19001
53661
66759
61934
13987
89644
43757
74241
71486
28702
29153
79935
70733
64509
11338
80258
93
59142
11518
76525
11798
19974
67790
76430
71132
95189
63028
43768
45178
3458
3782
36790
38277
262
69361
94951
33736
33403
46064
68584
30743
4679
24082
8233
69996
95626
33765
24034
48399
14989
3499
55460
20301
71747
4797
63641
87957
33616
54945
59902
74462
46156
19286
84775
74338
39637
40767
69209
49955
24887
40679
72630
40666
4652
79062
18466
13714
39775
48549
5761
66293
71082
42736
93123
18470
6547
6255
80003
80996
81936
51242
76771
31778
70736
1164
26688
50646
70097
81261
16275
10202
91570
36917
61247
29807
81869
7987
58105
95069
3609
34914
82623
69659
32714
71377
16077
67995
41601
51423
90686
89385
29649
61324
21064
6473
29618
69989
22759
34742
85913
42234
82576
80221
25056
94025
12568
843
93478
827
56467
39510
33633
42993
87009
20168
80725
40182
4173
24438
80104
33324
64543
7136
40144
84527
90638
37080
27303
20615
59735
87151
71877
95089
54239
40794
92938
6935
10619
29167
80085
1022
30348
88288
67648
29270
22520
69367
7439
10411
31558
95651
51850
31271
88716
72711
84218
74279
9917
53044
92190
31802
71468
38446
17617
78699
55472
49743
50206
69756
84497
93837
94450
64825
21987
89952
5944
3365
4945
60307
9354
88052
2239
82963
86216
32538
28191
41340
68159
22030
33641
31978
68147
58565
83459
56654
51662
20412
25505
86683
90605
43034
71500
28275
54145
73993
60997
52788
93848
7172
35572
11130
66780
94602
5388
83302
38490
61187
71499
9898
81569
65109
58560
85084
9034
14898
93951
89018
24653
10407
81671
92326
1742
60942
79009
69711
1348
47235
54432
50605
82818
22146
85857
47805
18032
28199
19808
65676
93961
43442
54975
20319
94342
43750
4489
87518
22368
76227
74769
94101
74509
4201
44245
35932
68542
29637
12314
91380
3399
92404
84016
56684
44087
92141
14443
73409
40763
69701
25544
46399
54745
80217
56360
70174
60788
40060
27703
3305
41147
47829
91912
10452
65942
32302
39028
6713
84659
7557
84394
8269
77299
95237
56709
89059
56662
86995
82922
36161
7658
37919
43637
870
87571
72985
54357
51392
47714
78733
87681
42602
2822
2590
66899
36610
11917
50618
70085
41789
16430
34868
8451
15214
42364
6853
49838
92364
15064
64871
58560
29811
15667
18398
8243
86702
58513
44209
91133
328
3245
43323
16814
76516
52209
80520
41055
72865
40070
6415
95426
73883
20186
82671
34583
82546
67424
59397
9566
35222
35826
83741
65353
34768
77001
58149
45890
28597
41272
2712
75575
84389
28604
95461
93043
33871
1968
24813
80556
49168
95669
24017
30847
94584
4507
26144
94418
50490
92375
47628
48115
31585
25738
36825
22055
66387
25664
75925
12287
59976
83009
24605
89497
37801
3235
64224
7864
34517
62418
83063
13822
85388
51729
39666
65114
54141
78631
24848
23491
34907
40081
71469
94340
7021
40440
86779
62137
59805
22749
83859
11090
68357
89928
70758
47188
58337
284
9051
61673
67604
62509
16420
55057
4923
34676
35130
41096
72621
66812
64771
94976
90595
52226
57095
47254
59562
92172
70029
19710
66122
31869
49841
74404
10082
24209
19829
49525
3582
55422
40217
83867
76991
35941
48710
14741
21861
7562
7854
10455
4412
4624
3334
44561
90134
78512
68382
49298
78087
77263
74663
88985
89336
84953
71248
58855
61597
29089
12638
91419
48159
55423
67447
5489
70614
64837
19291
66876
15082
47824
60869
45880
80471
84425
21536
35284
9883
64613
67497
17167
55266
14982
84265
70698
43030
92979
93630
44592
28274
3096
54089
80625
23700
33887
51483
72627
62200
51557
92668
7371
71726
74206
37649
77271
41736
49960
46256
17707
48326
68279
82641
58782
41252
22926
28902
79471
18401
63867
36535
87651
22599
60430
22249
72097
28165
11922
88011
29966
36935
89275
55057
69191
797
76613
43113
39276
20868
51919
58702
72049
1970
16180
16546
52012
25517
28974
51663
29732
1449
56917
39094
92064
16690
57298
84566
47286
5318
54365
36518
52680
36878
90095
71893
37042
20323
82535
30587
42780
10963
90445
43612
7861
6389
59516
53714
13751
34247
81974
32747
7779
93109
65396
58953
89124
89380
4395
84254
4804
18747
62563
35321
73685
78724
11923
32296
14620
31467
51604
83305
91334
28800
56393
58201
41462
55826
91361
37814
13937
60077
15794
95498
93001
82734
18878
69949
61591
26646
24338
4408
75020
70831
70096
82529
92837
95523
13486
67082
66199
66182
81508
49267
13147
14644
83936
37665
60312
25732
54368
22627
17729
15787
95312
82594
11443
3532
1136
92146
79255
95582
45646
72885
83818
41471
83452
24163
31076
93945
58502
36923
73773
88225
63060
62245
87618
43404
64924
7827
60946
6670
80822
80534
39025
95141
57765
14183
58722
41348
12973
54213
75246
22132
95475
28925
2504
33952
42461
45228
87530
48094
22800
2466
1349
9715
29807
32940
67224
80727
49390
34339
36053
87358
81837
39163
30542
8075
94045
90970
35096
84200
46420
62958
29496
4565
41499
42328
38455
74173
92061
35125
66759
8873
16992
47786
87390
19038
52594
26285
43555
50460
95208
4232
77101
65864
31111
8385
85235
60038
33738
50658
24679
62162
87068
26206
80348
26505
28346
27981
79129
25413
15834
30825
71155
45702
62492
32008
7404
70512
62283
87905
91897
21848
45903
6214
21924
46959
81024
69050
86870
51885
86927
81131
49009
23796
44562
66032
85318
56104
75775
38125
22214
6053
34673
13388
67690
20580
78885
35460
72288
68594
79609
94519
35572
37487
3004
64320
84244
9606
32094
81491
55149
23916
77130
33193
31966
44940
90235
93740
68006
77579
84014
7990
33939
64852
818
15825
53415
56705
86848
63393
55621
76038
85801
11502
622
61028
55955
87113
70156
69013
71773
92757
35782
65866
39401
94255
76037
65643
60699
79397
18353
50879
54639
4361
64921
71765
52825
63325
53306
73034
51822
61039
56703
67003
12942
78583
36445
44631
35974
32435
55553
92024
4404
1414
14512
55044
75970
48973
91935
38443
34988
57913
4259
86924
48008
19109
60576
15915
49096
41616
46264
13402
39027
48424
46349
87317
45684
61508
47780
20365
60257
303
33712
7071
37916
12686
46687
89027
44243
834
26963
4807
73438
63270
19738
71973
68844
74062
3871
40116
79153
68290
10863
3787
9238
87530
11433
55483
84711
60442
38042
23963
46335
62362
65816
42268
61683
63748
27582
80099
35143
63895
21534
3914
76334
86706
48628
82358
71568
62431
77826
20342
40867
25867
90850
54525
21702
81812
27574
66637
553
1127
89211
42527
16788
19485
72238
29458
2117
39369
61474
44239
13208
78470
14839
5385
49694
58843
56457
56760
85379
93186
85574
31354
8034
76815
18189
73875
77808
78650
68385
49861
7153
12188
78264
81974
44695
45518
30968
73408
10626
11510
88265
30864
55434
21365
45058
57575
11811
47371
6251
67239
75890
92979
43960
69865
47097
52919
92862
1336
84508
20974
30259
24237
5576
59987
88163
66847
31447
13788
8396
95361
4912
23861
13056
76519
39272
56868
94534
76599
19540
95478
89891
39407
22308
6819
34699
89067
57831
18201
79018
60709
33287
1816
68516
91461
5475
86433
76391
51464
83301
92944
22438
71125
625
91938
51267
86719
25171
36885
54686
42523
26936
84231
25430
71361
18567
22699
79478
57099
21160
89383
41070
79117
11484
63827
95290
69201
91506
74933
46435
71819
49689
25564
25418
5726
83759
35529
43915
29135
88275
78828
2276
27893
55247
2106
6952
10158
15214
53768
39014
39473
79338
88714
54142
75367
45960
22738
67777
10603
30491
44502
51625
21439
43479
59301
6694
27803
23811
5682
42233
54938
78267
17853
20628
58621
3646
46870
49779
10245
64236
10857
15054
18041
65277
82930
34269
10066
66518
81176
13020
77155
52131
67817
31319
30185
27176
81782
23443
28952
60476
77653
54046
69290
73766
32643
44793
94621
58728
80812
30237
62036
13047
3153
9934
21318
13820
83978
71547
38689
84877
29419
76658
52292
25070
25826
54236
4805
93684
24862
63784
93426
85702
59397
5691
92180
94268
49753
18067
34392
74142
67926
36761
23437
84619
83828
89079
87157
26370
61084
20827
22191
14387
2915
20812
28558
93912
56900
10945
55637
4613
5420
29664
89581
95088
90414
15297
68420
27647
34088
72460
30949
27985
56037
74362
58531
44564
19605
88463
57764
63661
72569
74365
19573
88504
18340
87131
64914
94780
71940
900
85061
93736
11109
31082
51671
88440
19139
19399
84782
60594
15950
62507
65312
25135
87088
80435
46399
20769
42293
16606
69279
49894
38419
17222
38001
57806
12615
63582
59596
48632
59837
72825
70503
86798
89058
33672
10796
90069
49691
94119
36289
79216
46217
81043
22940
36147
35566
60316
67699
5774
91454
1537
11488
805
15806
39410
94267
39565
1662
3793
30129
7926
33671
84850
83990
52872
79521
9230
41400
1442
71359
33884
82857
51582
79685
40912
81508
43286
45688
55199
53000
53710
39033
70091
65300
79892
19552
39192
12805
50067
71522
12345
34079
23034
874
67597
48248
38465
44076
14396
44314
52587
65854
7904
76082
51013
73953
47040
68853
18919
34526
38193
29851
22180
33729
46969
18771
7998
58151
4128
14060
39882
10213
54012
17967
36803
53134
36415
91559
12981
47174
5881
32756
32039
59495
90990
63783
15932
16465
26049
90247
23654
81293
25936
10617
8687
7121
52539
44067
29630
2135
32875
81400
48885
17347
74356
73328
90471
1247
19166
64362
29723
57443
62851
59076
73547
3557
9932
52094
12657
71289
50427
30037
41025
74174
22548
49
44625
65945
66592
61396
83039
51196
93536
22582
2025
687
48467
46119
74530
87728
12164
37806
27655
64532
58448
69655
29721
61763
63419
78900
43149
79261
16040
35230
27736
51704
83354
26821
4804
46115
90847
84872
48045
75650
93355
34168
8044
46264
53656
32277
78343
94765
55853
59856
40305
28315
25879
71147
19236
59531
54114
23831
68300
40072
14202
65022
83647
89099
19332
7399
19937
48702
48004
17541
17814
35660
68169
44490
11550
50235
78696
35031
93102
8926
47052
31140
45429
43640
69441
33280
39982
10960
64876
17002
55187
43501
57093
39089
70913
16942
83533
17077
50870
41855
87949
45150
19787
41202
12604
38568
43835
45300
48615
29360
26148
39214
54133
83757
30211
50026
12097
7203
85165
94981
13535
9501
48262
33005
18726
9814
23475
26009
52837
10147
61567
61479
55710
70
47950
52784
21623
23771
18647
72059
65038
50400
26629
84273
81362
26028
80426
44317
25014
76178
91761
80647
93813
38432
72896
72259
78859
71078
5694
50650
58067
43033
24443
52655
37159
90368
23265
85114
72825
19433
30906
74329
95676
18408
68719
85744
48782
56600
14547
29879
35634
42830
8714
21778
90598
36904
62878
60838
41270
3590
90747
38325
1045
42367
45441
22422
66467
24229
65448
51521
24295
70425
8780
10004
70974
66665
37779
22374
83450
65496
95600
85553
21909
2546
80689
17551
60371
51174
3458
48657
17166
93770
75558
51480
49409
76017
34072
24895
49111
74325
22290
15520
19600
93060
60300
81668
4697
31142
32073
23868
68222
12921
42575
75349
43079
78617
6174
92849
77571
2732
2543
95358
78757
60588
81893
10180
5766
73264
67995
74544
92026
58540
76737
83134
54535
32368
77535
33158
42676
17903
17827
29695
76688
44615
77581
52701
7001
85535
35530
6752
4926
49148
2641
57850
32567
18145
31798
33491
42011
47930
15146
83417
91310
69039
36715
31759
46828
43306
35305
2872
56497
36468
83051
46650
65659
56354
80955
18066
36226
78445
81193
42978
54123
10858
91555
72390
78905
25207
9183
38408
20583
58058
42025
13916
14479
75692
85909
16785
25582
25322
26459
59837
27546
40321
44694
47151
70605
48804
15717
83670
91636
64336
1427
4082
29231
67305
70632
6826
58282
41890
70566
33341
85075
93738
92128
55519
15070
32445
25685
56766
57275
43079
33691
51120
71799
87169
37765
83103
41835
27322
88584
87415
3215
24589
3820
49794
31077
40032
4956
86383
62974
6094
79762
52340
29398
84685
58929
59060
92199
7640
73770
21535
4109
4709
12709
47988
9564
44150
74592
40499
87838
21513
72719
92920
3782
57275
18944
26517
35962
40919
31091
10599
18744
29688
45518
17480
32089
27567
78611
48748
61461
50888
58276
27473
72710
34636
95159
49620
12973
83397
11238
88581
71964
32930
91447
51330
41274
64402
55946
66168
73146
90574
92981
10211
56905
43842
4104
8394
73374
41485
80350
87546
28788
83892
72678
90331
45572
8141
49091
93973
32027
51941
16867
3340
95267
6727
84705
61856
72969
37910
7310
59371
43059
48078
84988
11998
48141
43114
21652
76748
46776
64198
31150
70693
26050
6817
5140
89394
69258
67875
8782
9392
10982
15174
13252
47776
45282
18862
65856
81483
470
82218
52349
14803
38483
43669
18895
72962
22469
66082
28847
84676
86279
51302
13020
22181
53814
20210
49791
43003
29548
14723
78906
52372
32897
57856
446
55902
30966
8252
19242
41818
11833
77522
30864
59287
19070
73185
23247
72068
38361
8330
62759
46161
55236
7759
36713
31978
52246
12876
92351
24824
4335
63825
58451
36470
9122
13276
23189
73504
75184
11873
13295
85685
85445
37640
86139
78634
84620
95457
79245
732
75806
34179
53642
13366
17230
43373
71005
25606
87565
27496
77708
8261
69879
91737
50793
17970
63342
78562
65476
64842
22743
40615
50193
61280
92658
12810
86497
53036
5898
57845
67993
85657
49133
54375
18862
82713
60287
69019
125
36660
83446
79602
18245
22232
35198
57147
43915
47491
77369
16935
64873
26508
47176
74882
35265
94071
20163
16435
28800
33214
24814
41532
33295
73421
35372
89921
89196
41716
49236
91622
84146
24290
55381
494
26114
43482
62622
62341
89376
41354
27282
12526
46573
29434
31883
84151
57755
33043
24724
71582
82699
44706
49941
47563
85195
71814
47575
85063
80062
93564
72616
54082
6307
2019
81575
70516
82066
8654
66886
55421
26230
60090
56122
16328
89819
93246
29012
70467
24924
70502
32855
89828
84036
16114
25590
94234
40078
73926
23681
31619
44714
72845
51342
82356
51906
94722
10407
47676
19824
41908
384
35463
91100
36105
91530
74109
30860
84569
71696
40102
86510
44624
35050
61455
10197
18698
37436
51035
42708
80982
30934
21472
84978
26436
41914
85882
11924
44751
54031
40417
13410
35887
66562
90043
19397
4293
62145
7672
52072
22486
10239
94957
29336
11353
20761
77997
412
50915
58887
71338
62632
57533
15249
35596
90143
51928
84575
52559
26612
83207
64732
63141
34625
23039
95072
73492
86485
69195
42139
78059
49616
24742
42855
68910
37065
73854
33131
91340
16805
38518
8808
91042
85117
6389
53531
44445
74598
64209
75426
80274
16024
4965
80631
94677
5068
91883
90463
75519
65210
12915
36514
44117
78855
86300
24945
50328
36910
44310
56072
79965
8398
50199
24797
21756
38650
67512
55139
36483
60420
64994
45684
49181
92499
87855
33136
64906
67922
39827
38435
51573
27561
76578
77742
65203
57317
73449
47744
66309
28293
87673
21093
47545
3263
58176
89805
63747
33782
66047
62106
70673
79715
53109
81693
84329
39090
23976
53151
56932
21470
7941
23436
51958
20698
41346
58958
95044
66407
29258
82898
78296
52248
48162
29679
45494
33017
10146
65913
84824
51121
42313
94304
65510
9308
54517
77285
84238
57352
78381
34828
54203
21980
85870
82807
91701
54316
57781
70100
65945
6478
23983
34202
1620
88982
45117
24826
27861
81283
20972
39451
76984
36481
39340
18561
91001
4176
80506
84894
39830
6273
68295
85473
94781
65127
36505
84886
44366
16170
62153
87403
1152
42233
29422
4890
36410
75184
38995
61312
17578
56083
13528
19472
62198
19973
10155
16529
14004
92646
14013
20009
89903
6355
90694
41397
66367
66169
2603
14251
38816
90540
78906
70041
55356
18301
8822
14064
64443
41077
91921
25135
9259
73594
54095
43380
22155
67454
36421
22701
29711
82923
94708
60192
25763
13847
28428
61526
4273
59878
87753
89322
17737
51056
68068
80718
4356
48343
30737
24485
27947
79832
77387
47486
87542
95248
41100
19098
43549
64319
92024
48578
67481
68390
86828
14237
65199
89528
38295
95351
30137
41208
57097
41705
86494
14466
84015
47009
4068
74317
23630
90105
44953
53521
84504
80481
90387
67782
88415
70191
8323
2247
22208
51784
82824
94638
3753
56478
21811
20842
9267
45434
27205
21531
19994
48094
23753
68755
74982
25655
32281
24497
33431
48557
69603
89428
79801
71642
62726
87244
70395
42743
74257
2498
25664
20735
85937
42060
90139
48052
31091
21776
2666
49663
10144
13007
82845
57519
61442
21017
89728
11803
24969
91229
26044
3986
55394
46503
71971
66524
63457
12138
53077
89980
29907
75755
10970
83257
2587
11386
61602
31711
55048
19696
45685
21054
39818
36910
25858
4743
60071
31475
29144
59597
36552
74652
1201
67439
46591
59573
13176
47896
92189
58531
78719
35438
14699
1722
30773
64349
37946
62578
92743
79980
81386
19929
44666
73711
66207
60110
57566
47610
49193
26048
92419
43523
40900
91556
34471
25397
6171
53698
11697
86269
39944
77898
70096
5493
17570
94867
69330
25906
10573
73460
8936
71468
59234
15295
9726
14724
82683
51294
60496
61943
25422
90876
1749
18498
43694
62801
55812
86063
50931
48878
89528
35378
46996
8533
46143
32030
70153
78117
45594
63979
51551
5516
34852
65930
50422
15390
15926
9628
16826
61145
10390
22594
61798
28588
71204
29114
27140
86877
35282
20998
39942
9713
59731
18008
22476
63490
74149
62266
80722
88107
31852
34197
82169
2022
34146
32680
21508
4017
92604
26406
28402
39065
36168
25242
57901
88121
334
38629
14420
71019
1090
55105
49147
6408
2535
73577
50113
80290
54298
88327
75281
75769
17312
67534
81958
31140
18485
81946
42960
16373
40842
69841
64878
57058
24854
44738
88719
89889
86738
73510
62308
56873
81605
56167
7718
16531
94783
21263
51532
44173
7167
13368
79405
93081
78839
56221
93274
31952
9931
49584
33280
48577
41295
56626
15699
78550
16838
4809
11062
11909
67571
8722
86126
91107
92313
89530
28956
38124
80137
17686
48303
60496
1967
20645
24031
28963
845
25820
58232
84451
23067
63740
6084
86953
40565
1814
82107
38567
50298
63300
51928
25064
92611
47575
91854
24176
8919
38742
94549
35154
8620
84733
64734
63688
12936
8545
58394
39720
68723
52236
62791
28684
71086
81660
53729
65467
23728
37625
21313
43663
29569
59176
79615
73328
92664
75912
48988
3636
81208
16535
50168
2728
42126
44544
54619
29147
87082
7549
24725
45435
66038
11085
29988
65832
4216
25247
67489
38705
23403
72998
43220
20996
659
37272
48392
52734
34136
94052
74751
33407
12847
33363
8225
56245
92259
53234
43536
17495
56881
46366
10684
16721
20062
21611
11921
42058
42702
36379
56490
91407
56983
51897
6694
61953
67518
30585
83912
14295
5937
2081
67451
35989
81144
73089
8174
65507
56943
8981
7695
51179
43314
41997
63557
93809
13260
52356
26685
1688
88341
85561
11578
80350
87805
43967
76784
23327
44860
58128
17776
7671
42948
79699
34391
34422
77352
1018
83965
79174
80962
37847
64127
15020
24867
1165
24190
58996
18732
29772
15055
93757
17956
83543
80555
70781
10281
71734
64695
14644
92927
50926
95650
44597
69232
53004
60527
70805
91125
70684
68044
6775
74069
45562
14243
59718
5269
54084
55484
78441
46994
66592
12722
23493
835
16879
953
30398
42163
57566
37111
47239
35010
89363
80729
86242
56796
5441
13678
52956
73526
17586
89911
91063
19429
59655
60917
71300
13590
33185
45235
30909
29321
43544
59073
60556
73704
11634
89564
26286
86980
81971
87264
90481
40116
89684
9757
54540
16703
67290
40086
8226
94582
92874
44818
63121
18621
20730
16745
26721
32482
33786
86722
10067
12432
77220
34130
59432
27067
37850
52513
62593
78401
91055
34160
56153
84191
89240
14984
59051
14135
33309
30123
73866
49990
13381
44424
45825
73190
76696
69034
86021
46172
40720
25250
84327
89724
53893
94230
36563
81879
21153
22695
37972
61169
11128
7944
94172
10081
76686
74291
72989
15806
58127
65951
32337
62372
43217
29200
44247
81743
38748
35950
37819
16608
57904
82437
80643
69067
49484
77865
5045
57380
74114
88343
14354
8569
78852
5428
50074
90459
37731
72647
16387
48723
34385
30933
20176
44283
87496
75378
34814
52602
10897
83616
14169
75151
70263
67460
62857
26735
7075
85058
24861
95679
80964
37164
30689
47059
45755
44359
233
81885
24837
79131
54816
95498
48627
9391
15410
51566
55425
55255
78415
53003
85447
30161
79761
67619
29606
49240
67591
23093
13184
26904
85472
69079
72649
82411
36423
34240
35276
54243
44641
27232
59265
73093
59861
13611
94744
39712
19519
85858
55744
87848
74262
86442
62427
14909
36670
81280
56046
94586
55695
33840
23174
61252
12356
65166
51043
80115
40530
22982
82576
78513
27832
28250
57072
77471
51537
53424
2965
83014
71751
16847
41303
55497
16692
89783
55167
41935
19459
37797
88574
30283
79241
991
89625
94338
68095
33630
28710
15660
92902
78899
81489
21657
50161
42086
66466
28659
89858
58941
63400
15749
95783
7475
52406
6614
84329
50099
66032
26555
60432
76519
38584
91333
89268
3615
39848
72770
44618
31857
92614
35314
2273
25977
42831
90883
45030
84954
50094
53516
94562
33719
44930
29465
57740
5099
5092
7589
82590
49678
65099
57375
62032
3726
63145
60348
54876
69325
39556
12063
7983
15450
12779
22703
36106
78342
89247
16343
50662
76550
74501
3939
71974
60135
58251
715
52353
22994
78172
18643
59742
47568
92787
11688
80594
11225
23
59486
10475
9714
30875
49123
13325
35918
24500
61443
15826
58992
90823
19709
26829
91625
44519
69173
78434
50994
5864
34514
29877
62608
70416
81031
84712
68283
3234
57022
59247
77688
72055
25146
31175
46141
56517
39679
35336
79101
5904
59516
64599
79465
91035
82287
78730
60698
36423
70877
16062
4094
14018
73753
25954
59771
27087
49194
48842
31246
93831
27032
63764
64552
82676
68803
40535
22469
33093
41870
18508
23358
20660
68196
37870
93871
86057
3494
34213
69530
80222
27544
27279
89135
26404
11553
32225
46448
28226
17460
66398
83193
34300
66752
63365
27456
72385
95406
25456
78753
27382
57378
47125
4889
22443
50131
31641
51660
19615
58078
2957
11941
61714
72260
51077
87987
92393
19178
82497
49049
890
4301
36826
92322
23121
56388
22867
72639
41174
20509
83428
7678
77546
83912
60194
40624
62339
54569
52505
74353
89189
48692
1592
32976
31679
11225
73842
8494
8631
35690
75453
10681
34339
43736
93163
28593
51914
17066
18786
45685
78100
11372
14723
71942
38300
43
69341
58249
41212
33333
94830
81410
22371
11010
81782
38027
60029
55813
20919
51647
38381
47963
4521
24755
48565
13277
20591
80576
55966
61529
91987
10609
35807
81391
88141
25401
24827
48786
17448
45992
60808
63955
50291
14862
5766
80606
3247
88097
18109
45793
55337
27885
26211
11439
20083
17745
61587
60643
40146
29854
88716
81386
28489
82311
91199
91696
10506
74148
18445
3938
44438
34747
32424
21950
24550
87880
9249
568
80339
52625
55540
37691
38275
42765
69443
82240
36640
30689
1678
601
83577
86368
41177
33101
26411
91359
84667
64088
27710
41355
71023
84757
10619
8363
75909
43441
7292
3503
92169
90078
40771
52651
47222
54906
67287
56973
63938
11021
34528
45652
22558
76978
50151
23323
55921
56348
45678
39140
32855
38931
37907
88862
54352
74403
1972
29468
80434
53746
45208
17512
62904
33526
15893
65731
22279
53375
80465
45084
40243
93589
2380
27724
76124
24211
87414
60432
7007
41505
43870
2152
90592
52791
69862
25708
8256
90914
92985
6056
55597
86297
55723
13455
24563
88586
22116
33813
42159
6990
59369
82475
44679
37851
95141
86783
83940
68848
33694
46721
57660
83299
44426
60246
57758
44226
18842
77624
33666
40948
37650
56813
27486
50721
47885
38620
82443
19038
41092
90849
6883
16964
64286
72990
44388
58133
49630
88394
36870
39005
34162
8475
92299
402
37191
57219
59712
70930
77064
51868
18030
55462
38193
38202
54488
3871
79790
1762
75432
63336
28037
47970
60038
61941
6059
75348
47918
77433
61056
55075
22866
30562
31239
50537
34721
28583
94519
55960
6261
71818
38487
58813
55285
87147
4971
53491
75451
61599
48374
65380
1966
11135
39807
52196
59735
59470
16653
78710
58173
7433
54882
16691
87101
43526
45355
89963
94425
4999
32329
51142
32588
36271
64561
12083
27572
10816
85705
27737
69196
47086
77935
8134
86731
28157
3730
23713
31497
47211
77274
89585
49298
52456
36435
76421
20257
25524
653
92617
78897
13443
53099
89067
6123
5726
36919
14843
73103
35132
69072
73114
46376
25322
70426
48229
9116
68017
85174
75087
70313
4910
53644
51101
63325
79380
81275
21657
32959
35063
53649
46321
71034
95545
71621
28257
15363
3412
83625
3632
24177
84496
57641
15997
65285
95129
46080
62133
71622
74392
25282
92233
75036
83507
42617
73609
43366
65289
62106
12663
17164
45528
83640
53760
76727
81712
22705
90400
20451
83847
75564
86754
18752
67083
15167
1790
80023
13546
28996
72655
93014
15545
35442
9934
81529
91803
72148
18649
73949
90089
70240
49780
76892
60539
69260
66125
79591
20828
1225
94042
6697
23073
8993
44416
82154
71021
8425
69910
4205
89549
52471
90369
49825
38596
87115
15510
44964
60880
16818
64864
70517
65667
94611
39383
29115
61652
9989
23917
23842
59102
42924
53432
66249
86648
28834
2410
20150
9728
89798
40117
86019
89936
92482
74791
71212
72939
87813
10037
29273
66060
16300
52458
67667
63796
12141
75385
78193
75810
63211
21694
12727
55463
24963
34913
24718
1389
92718
75957
6564
57598
12223
93393
61841
85148
25120
15299
74558
32424
81023
51514
37341
72824
55582
1213
52339
93196
81051
74098
77257
75151
34620
17774
51905
83106
69426
37270
49754
58659
42179
37488
45241
55832
21873
35576
58193
73654
86972
36012
95629
41468
86887
55582
56760
94078
48133
77647
12564
92145
21124
7831
58947
92355
42177
46884
8375
92791
12768
87617
38162
38210
81004
62188
30769
91824
46196
21941
80655
13474
18253
45612
67879
14533
62623
94992
33722
83967
38830
11330
10152
40836
33924
66654
23698
72550
54421
73557
72358
79086
48816
73849
80785
71969
32123
60476
24741
48694
55509
60327
5724
69259
50088
81723
8900
25944
78507
52427
62471
47240
47618
67942
85734
1888
26755
77700
39375
36568
27524
61085
93523
78969
54523
80027
89119
94786
55458
88249
76975
40973
65334
17224
75628
21119
95547
8630
39233
33066
38795
63666
23900
76765
32942
34491
91957
89003
10176
2221
77456
76542
66299
64417
90767
2768
89270
75127
20688
85518
48515
14664
70679
12036
66883
30999
75884
38599
18426
5358
41917
6619
1402
26704
14498
31798
70707
48669
29622
76377
40466
73396
64774
88060
34358
59611
19548
63865
55912
8933
32573
44670
28929
76079
70572
26090
77305
86881
69608
41608
21781
23896
16596
84954
42527
92824
32850
6594
78205
15171
24578
85858
90238
85
54996
5273
50419
84630
42160
82736
56385
27678
84075
91789
61964
16938
24345
9303
22268
94888
6180
43300
6607
37772
74374
81674
49429
32009
73285
56576
40980
3952
41164
52656
38800
14736
40864
59943
50565
20895
55567
60353
4856
43040
42350
12003
20353
74810
62883
89691
25700
87512
24449
37896
8274
27175
73416
71005
16157
59316
51875
44248
72051
1839
2803
77202
69674
29241
77779
10647
45050
69386
9578
9128
31221
91485
3571
71908
38693
73375
58029
2951
52880
58147
13500
8268
82111
83833
44909
39118
75820
56592
43778
83861
16083
71300
32339
34557
38254
60143
48134
24531
15857
5286
57379
95207
46361
46958
63259
39214
33795
72162
66503
55048
56473
15073
59559
53261
21334
60838
68159
38400
77819
63546
65546
52029
35505
54148
45733
69970
13025
7190
24404
50211
29807
85186
59412
38323
1941
28132
14755
46530
15374
82236
31369
1146
50722
59383
54656
59975
56931
12819
73851
78277
51222
26361
72962
80294
70980
65608
40304
64591
74322
30642
81378
76828
88215
62235
69205
68390
78361
63196
29639
42111
37497
93235
82248
56091
17985
7869
95638
70594
48695
85267
54451
39984
21487
49268
78649
17841
92227
54329
23721
83125
41249
90329
36550
33851
498
45435
76751
85845
34460
66003
20908
30940
78177
28559
93091
12852
30827
93648
44927
2559
41408
44609
11161
94290
42744
95263
6208
67766
85390
56945
62744
79046
84738
83453
76647
2227
48132
41696
63238
91353
18163
27760
83897
52375
38718
11905
30292
13496
14853
62148
73230
63300
78568
77638
20624
89365
62416
93976
47326
10287
64356
93388
68518
6952
23368
6347
66923
66288
43963
834
79726
64647
59886
41072
3154
85939
54411
82956
37357
2930
14503
15435
76603
39313
40080
82079
38176
16404
1400
73488
84817
78514
10231
86150
84813
54676
80123
44382
33988
93800
44059
76118
62381
58928
68886
60540
28659
76856
62779
32816
64518
68780
3786
35095
75459
46187
78680
34922
12456
20201
49789
28702
1822
37960
26355
90898
25418
37148
34511
15219
1998
18970
29722
46576
54850
31810
45164
70497
47402
81346
66370
29801
1304
38829
8374
20669
62730
57181
26524
1492
23954
50465
28551
5259
14961
14410
38271
72029
10279
59599
27225
81419
44388
53594
92444
8637
71394
83419
27913
85109
24306
52662
36306
23774
24655
60397
60035
31026
67578
30558
71118
72676
64319
16098
20556
15808
73426
4535
92450
85391
54997
55123
47558
49998
72162
59966
68016
37938
79766
47836
67921
76613
83895
34284
31374
36630
12991
54080
79227
74903
51453
60853
18200
38697
31216
59213
67550
76024
48432
81058
8360
5940
71665
16786
19566
37130
29321
1524
56782
66670
8039
66498
32325
23316
41125
89657
53675
93540
38028
53630
69033
21180
19708
75110
15576
44838
34523
86705
82684
72977
42415
47068
12483
45755
85262
62086
7983
7210
16459
34259
9853
72278
62788
35942
8109
77330
9949
64282
24015
82330
18343
90791
45653
12113
61358
32054
55496
25719
55892
92176
74387
40651
51580
72287
55086
50598
90796
42361
64883
6451
55088
47265
9855
2711
17418
37500
58954
85677
77847
42354
68655
20026
67495
8283
88641
38316
29589
49424
75795
25719
15452
22803
10997
76211
35600
12085
13145
65826
30193
38347
4496
37248
67534
89441
849
13023
57245
24551
6045
93321
4297
60959
63601
55935
3891
63138
31894
16689
12619
76244
84969
64353
54063
53364
92531
88624
11261
91645
13009
64058
80542
17489
64172
52279
72363
53748
21176
55322
19924
12712
95019
7972
92796
39807
65053
19687
34199
21180
40791
83902
62113
68060
23810
25596
73120
22004
88418
50224
74265
81278
10627
79981
8286
90000
56493
68365
20575
56008
77075
67469
1028
6589
58264
55220
75036
22327
93197
47020
23720
95662
63683
51627
41339
90308
34189
50159
64706
39562
40373
80635
61777
28491
66311
81717
80162
22471
78136
16871
38934
71256
40233
89929
25579
46271
21375
12236
30827
57506
35754
79916
36103
89652
73729
35315
72080
62450
81190
89512
82502
69039
31219
75633
5319
55999
68662
57733
82096
20828
93092
1267
26659
73048
48297
23369
30927
86178
92352
94013
86568
9878
54472
61292
34811
95162
47289
53129
47496
5048
78188
58657
45036
8023
73472
30575
32823
87892
57236
31904
86443
4442
18823
3832
42452
5110
67132
80813
65180
89458
70554
43357
41874
64070
57571
57835
87541
66637
62060
32028
31132
23394
35886
12860
41889
82457
21858
4555
7229
78751
90167
6725
93582
53790
27982
95310
44894
64342
51825
18333
30582
50530
41798
65034
73946
7884
58340
23589
19786
88986
35964
29392
9283
27683
43695
60917
89052
18965
84597
12732
51230
75113
39936
26273
80654
19860
11872
93715
39970
49771
35845
18307
25644
41587
39411
59462
28894
72143
78682
66492
50357
94768
64790
95409
50501
51949
83470
14985
4024
61317
17426
38397
42174
13486
83690
71522
74254
19715
25864
13489
60963
76653
52551
63815
40623
91437
16633
29956
78214
70082
76606
68267
13847
84328
17381
63602
10057
22136
58789
22355
71277
94860
65974
68985
88908
21314
67914
75400
55477
93799
88158
59608
76486
69129
80647
7589
60151
88305
34565
34920
58007
93485
89278
94655
44050
82474
16972
35913
24753
27129
39785
71575
7249
40280
16091
60254
74581
71294
46649
57606
80508
78798
2498
70836
18269
43223
13595
48113
94014
89772
90875
68190
77555
83178
16809
63202
35927
23320
84282
29530
73680
38932
52934
1527
56908
79732
88324
20193
85590
42842
77267
91771
41962
79248
67035
40734
24493
30598
36165
80072
40284
81880
68245
59129
2242
94067
4806
9800
89521
42265
91949
30874
41930
39994
86382
13452
6648
44705
36141
21100
2275
94903
40182
9171
28979
5095
82742
87811
36478
26262
66950
26757
51397
49575
89975
88271
14231
9332
84464
91774
19828
25528
30321
73524
95660
78690
23431
57322
41353
73249
88311
43993
71574
8924
57331
84385
40665
91201
14377
66439
89917
56012
87019
4805
61980
71101
37332
52113
47483
44965
28213
40114
40212
45833
9796
52702
27297
61345
78969
8570
92591
45742
95028
38584
66616
88566
72385
20514
10881
3811
4799
63898
55262
76247
13526
33907
11236
53152
48856
22460
13132
32858
91509
72668
32769
55642
95507
42703
61701
47216
14454
60358
72979
2616
39186
7192
3071
71565
29725
65938
48590
78551
30027
59191
72661
89314
76267
57857
89267
64765
85606
54915
48808
69051
54187
11079
88050
83341
70166
63474
57680
88418
5450
86006
38679
11225
92610
16819
17249
77357
77358
47430
31547
91599
57261
84795
52843
91213
68590
85348
49360
24568
95163
21329
25512
36314
10146
50267
14924
70172
83047
62750
74642
93802
301
79169
88455
56670
25628
43562
76546
45836
27392
55822
86140
66585
35238
29170
64152
43253
59249
67322
77012
82576
7983
40989
36436
12893
31405
19073
23995
18520
77532
17930
5215
4180
60774
43156
95083
52367
77599
32584
1245
62270
85850
6008
37381
51654
4351
38012
72937
59248
74414
85675
54310
67938
45099
73564
47540
34597
47687
6043
93772
68344
8993
61909
94001
87310
56032
95809
35495
66173
31190
77832
85062
35570
73647
83118
32453
16275
39113
77264
91083
41877
91029
86903
93662
14434
91768
14998
51071
72442
37373
51162
31382
22762
86634
58063
43290
11417
51174
23526
57494
91453
35001
50907
15244
71103
12702
63020
38594
59401
22969
94864
60100
13584
54118
22899
41676
39323
53077
8952
51439
34237
50794
53150
36239
47187
81280
61374
58721
50276
49115
8837
91402
33705
13141
20282
20021
5258
65416
93790
35549
66776
21858
14861
46557
88229
13842
15711
60789
54535
41892
15802
75043
77529
65874
83891
42261
51211
94117
37117
2889
13035
43816
40728
60465
8533
56759
23868
28199
17761
19088
64119
40353
62796
11131
42862
78267
83494
94910
67232
85248
76624
15958
76177
12435
84290
59327
56225
42037
52436
8178
82487
9912
18197
1671
19515
19411
88762
73113
57139
2314
22540
39685
49479
60276
11517
9615
37445
4428
19435
10933
80257
67435
81659
13756
23657
59254
21759
6005
86281
51745
85261
17582
1581
70135
46146
58436
77272
29550
75518
33402
85190
8323
40542
12563
15831
69720
24815
46021
55109
50301
66185
39734
95081
56555
75675
31096
83614
31493
39832
93788
17570
4215
37816
31126
53929
21996
90427
69515
60001
57834
59644
52939
78768
21860
21699
56738
26293
11051
19695
53514
56986
54651
36604
10805
71047
13855
93267
17478
59006
45923
17604
4430
22820
49153
87646
57822
2577
46833
45570
46389
87561
91455
49073
16282
74230
45828
74039
9305
88547
11000
70149
75625
22693
72331
52489
41114
75249
35011
28537
87984
72922
74868
91855
38558
80159
15099
11745
41584
6315
38049
2071
42202
83742
84804
3351
88504
65868
60351
46157
83407
26206
46201
16568
17113
88140
42819
85119
49462
16176
21657
64793
88536
89674
3926
59896
61214
48059
44953
53338
7271
3060
48017
86321
61292
886
26175
83708
5024
17975
92471
91626
17358
44722
15884
57099
89382
36682
57501
94563
61193
71919
47459
74391
47295
34639
1045
51755
4150
51620
10035
88220
39073
75187
88347
37079
88472
68468
28417
64878
13982
92464
22396
11966
67909
75850
30115
21752
34442
59633
76111
1329
57849
88517
77552
538
75210
33859
47342
76722
8875
30606
1906
60435
91249
72409
49891
51306
46465
11816
60343
16274
22365
38236
84299
60556
15675
8262
51391
11666
1426
7916
50312
65174
42381
56057
95113
71432
3126
6976
66682
72834
18846
77835
81733
58716
14418
25008
29908
25339
64687
19187
85279
49108
11484
41500
49865
46103
14696
37907
39179
8510
10048
8867
71234
42447
32502
33923
60294
80365
826
50531
79197
76119
66220
35116
53608
33661
84799
6219
12573
65418
5578
8394
31972
87460
93200
67241
64390
88654
28965
84323
22612
82650
12826
53200
61963
91801
77999
4198
84701
30965
70443
78806
91359
30585
7744
71135
28214
17876
24595
18558
52437
64169
68684
66977
76844
46504
15300
86837
69830
58363
59295
93104
5526
50451
77038
84903
68769
75239
14587
36413
55024
39993
42802
63419
10006
5363
50998
37892
52439
82653
58138
95701
2839
67427
77493
54132
87997
34679
32026
42230
18198
92009
10936
74904
87055
17740
15837
19302
1500
32724
8120
93045
47013
72494
76726
9465
59315
52592
59199
689
50349
31209
75971
45122
34667
90215
35613
88782
51165
5007
74145
25642
13114
79656
64151
72607
31374
85017
1321
72461
68511
10123
68945
50569
92814
84088
32688
51411
72120
89267
29535
25668
75500
73863
68295
76868
29467
52476
36308
7804
40620
5169
92584
4247
92099
37472
14933
56636
10989
76610
51937
60743
85955
6918
69213
31859
68042
91421
20010
93941
50595
90423
20670
87100
12407
90179
7551
19291
50307
26143
4380
93603
22430
68324
42798
47785
32830
25494
76675
35815
32777
60186
22855
65512
56415
43656
71535
91933
81812
74958
10014
51545
80267
18876
8383
94415
68361
64643
42361
91533
70183
27174
36801
5436
64856
32083
84704
5334
45531
89345
77191
583
58585
28010
3473
67991
5092
61750
10990
23457
28524
1536
47928
16269
76396
66319
52564
38999
43796
67302
44818
71351
11783
23128
895
33892
93714
52028
40152
68228
52328
34293
20885
81754
53963
81155
68289
87069
31540
38835
71681
48394
25785
62450
9730
66201
33295
56155
9161
69125
63605
66745
43925
19702
2798
60492
18673
80107
54873
85384
23951
15726
44340
85476
4272
62630
60863
62862
51707
53656
2151
32268
33446
802
14091
73313
53558
2124
10206
19893
32474
14041
87007
54440
12381
71276
80381
32757
17113
148
4916
69244
45051
17427
79534
39260
59648
64667
6878
78044
17407
92187
32992
54985
79512
66387
51060
47439
41254
66099
45319
31087
47601
81609
16167
1414
60524
57370
15360
47252
68794
69134
34138
26938
14863
22644
17121
67157
22711
11680
17434
78753
81055
59683
38591
71100
95305
13198
54807
26802
37667
55416
93750
63224
13230
47093
20359
30491
79417
14926
22595
49515
85877
32311
21905
6753
66940
35917
42302
10891
94728
76014
81334
48383
65371
66751
71069
15458
45007
74883
50274
32723
67509
89087
85262
63167
16789
94491
21886
37676
78486
48909
58292
46426
17043
275
86559
44608
38400
33288
65368
42611
87459
94847
27645
18230
41337
64546
12632
28742
84664
37684
56312
40524
87751
57085
5937
48545
10338
53232
68143
8088
68113
27039
3464
65881
68366
26952
5467
54875
29105
94113
6949
7861
33226
64260
5547
12206
31166
30473
58402
45921
28640
75788
92510
73919
79775
51541
3800
37494
49414
95801
57039
68442
61970
64869
62940
44625
85955
94716
232
32548
26785
77833
11411
37890
52529
82446
30121
15492
22614
82043
73604
79257
85433
77828
18371
35965
69680
55490
39396
2344
76826
22338
61162
84488
7512
76821
38723
27424
16331
27670
13042
87770
35117
91096
13604
36322
54025
29473
31088
62949
7243
39883
28502
46254
84622
51131
67047
42955
76726
38756
39306
38864
17803
6168
5294
48791
27813
21764
64310
6997
7564
3666
60780
25298
34149
20820
161
51968
33237
37395
21308
64082
42638
68487
74085
4765
68984
70920
61814
15868
85744
77806
73628
80450
90686
22090
38481
13468
16756
76746
21742
75293
55349
36484
38274
1730
60478
49215
7349
4993
12035
26316
1818
35141
51164
95526
66901
28842
48345
61861
93502
62163
43479
20537
78393
19467
87775
65014
67847
46871
24573
68274
36421
23919
56246
56753
24503
57074
23974
43152
47059
11833
2047
30802
82422
67787
25890
21502
75847
12739
64791
82566
72279
19328
70496
37221
80944
44135
21321
9352
82765
22621
92530
77145
37870
22315
76457
16829
37952
53471
27462
21277
56765
63458
87835
71240
51439
34297
68844
49154
50698
73669
90226
59240
69773
76174
26432
45798
66056
41377
27076
67150
23969
7391
15772
13431
15041
74487
69762
19617
7515
21066
39739
70285
65014
14986
55013
49158
23187
83126
70030
78814
89401
20499
43677
22282
14558
76886
57193
23322
57612
77402
4384
24778
59825
2043
88106
77602
8180
74483
2601
88148
54752
48830
71560
93537
93476
78254
318
49679
55634
8814
80993
85717
58702
91811
24153
79435
82180
94413
16512
53951
32622
40050
46628
36367
24348
89912
50542
218
28835
77418
3105
54901
33692
7730
88159
62626
82947
92928
7628
93137
79381
82845
41734
42251
5139
89302
88453
29687
55340
69822
61044
17695
50799
71481
33425
4195
28764
34236
75584
29948
3816
19656
55081
49884
52587
64254
41525
5498
34890
66970
39535
6441
42212
88261
10567
55765
15174
67934
52924
54917
49217
50390
24020
69504
24884
66813
13170
36829
43235
49145
51065
29561
30507
37737
3341
54650
61616
68280
22433
18522
81139
70456
44461
84785
77580
6813
34742
51328
3479
92041
85567
94299
15354
68450
58250
88516
89716
58920
34734
69005
77317
61793
37540
32852
81328
44850
61989
55078
39342
18698
53214
15103
2744
57538
87735
52909
26452
59478
45003
53231
4174
15380
76696
9049
35885
44194
57670
13449
37255
52362
3106
80271
1185
52242
79021
59124
19544
1871
5451
26498
11515
73984
286
73057
18171
95560
27606
62114
36901
4513
61503
11447
7008
51535
87344
58526
66914
95610
60849
10346
20960
72884
37987
50172
61396
34097
37668
47418
22225
20730
12058
38560
93825
11919
85431
39526
62649
43326
77415
82624
38046
88066
40468
35234
9101
27068
55224
59081
89046
10189
7835
89464
38705
49252
89941
33189
79405
59090
27228
6298
69159
12747
94580
867
79610
54459
79815
22046
49469
19713
50520
86297
4346
6936
32213
75891
90625
95624
3632
3860
90263
81762
95761
33524
14460
6444
59484
66023
15235
54014
8222
91777
30513
31506
33706
7344
9508
87964
54772
41368
59433
34036
66159
61689
52242
2881
75702
16666
35441
38983
82708
35948
72758
55306
8792
20500
95507
91193
35933
3036
76092
64806
77687
38602
65839
64884
6078
33962
94460
56961
6927
91425
75248
23566
33874
53063
81747
64878
21265
74012
29486
29064
59843
62273
83713
11682
88031
24962
15619
46673
81199
46235
82532
45584
16463
52482
89042
42627
86674
43618
87869
94471
82071
31652
27282
10793
24083
31756
16791
17530
47861
73191
41907
72674
79435
62056
78426
30938
34565
9774
14979
52344
37532
53812
8181
54829
10029
1872
23682
59482
62540
19157
22901
5680
56590
78050
54855
93042
87793
78887
69508
16630
54689
89031
92348
55017
9600
36009
94794
71153
31472
45935
59658
54939
29819
22232
64395
92319
52099
70700
82246
47473
36875
20345
15739
20959
88240
72812
25090
72840
4479
17222
70485
14863
34759
56834
63184
94543
58225
75285
68540
62833
69567
73171
43032
81406
33824
17465
42486
55815
42753
93854
15546
46925
3258
73197
92792
40037
53873
23285
33713
70230
11897
24986
68349
17872
89198
77829
14711
59551
71779
71178
55595
27259
63508
67680
11160
999
43191
34378
21082
9093
6332
66207
14691
22449
18637
83250
41845
49722
60714
90093
67597
9435
27059
28223
91108
76865
82318
77980
45276
66742
7671
23574
95223
27186
87646
42228
28908
77716
68778
71674
43648
90730
45874
5001
8390
86065
17057
60187
53563
86573
23587
24402
74465
87477
40750
75114
27250
17770
87029
65540
79565
45725
47354
85950
1307
45682
61023
70187
70017
13893
66164
39174
11550
63638
34101
27780
38017
73682
30546
79016
45751
31922
32494
66140
56535
21340
56999
63630
9775
56553
87803
29362
64042
93866
62787
59522
39773
80535
31128
46134
26929
29540
78685
72256
80074
38147
94764
71067
81819
7724
50744
73589
65352
5645
73537
45968
92319
43484
56501
67953
57795
1468
90788
52747
90529
88693
64839
60947
1370
70992
2596
45191
31965
49636
21234
8044
24593
69438
54125
16196
94680
8910
10289
37280
43805
17485
61195
43995
94971
5316
79782
18235
29474
12070
66272
68059
64748
90647
5048
64375
22804
40056
77260
35721
36039
64967
62805
35146
67683
66333
66000
30696
71828
40381
75547
56010
55351
25521
86155
18646
73587
37399
46927
74910
77918
40978
10897
18474
69400
3388
80331
42242
90613
69140
43353
94970
81938
37916
74987
26138
5790
11421
15346
71418
40699
58978
5297
77822
24482
18593
16483
34286
35252
84021
80241
68955
77217
65976
33819
43689
80606
24446
7836
34226
47997
9254
42456
73860
26743
23804
62410
43603
84249
13548
95401
82220
76744
94670
66163
89604
32152
26872
80754
33783
6837
36510
84478
19907
30441
58680
83631
18979
91491
66024
48157
48545
8799
78358
15005
52134
54604
28782
42341
7918
76048
1051
67574
23994
55796
66532
55995
30365
71126
60580
38125
18228
80749
82097
21604
7219
22576
72942
82415
76201
68119
61950
40684
83006
29034
45656
31937
51051
63860
83269
44028
59594
13147
13739
78079
24451
5173
5873
75601
15859
16889
72665
964
59005
5628
22938
17922
65577
5822
69812
83768
94951
25180
11182
91517
74204
89770
68446
75495
57425
36115
51943
36194
83358
79544
39830
61531
72850
95544
15913
79035
12362
5697
41220
36027
46408
46397
56070
16139
8362
87831
53846
71555
79870
29825
45261
39919
62275
8152
20110
35578
71622
46060
42483
70085
22595
49293
68431
30678
26078
81939
63813
22623
13394
70182
75859
76981
37013
48059
44534
26187
41458
77499
41765
70030
82901
37852
40712
2525
92193
42989
87468
17442
83703
7845
71858
63264
26132
89670
70180
6895
21883
14107
84050
37950
48796
86310
69030
52484
50189
56245
57838
16794
59822
12712
55065
86298
53691
41242
21797
79303
43221
87279
50871
2752
73518
20207
43967
86353
44179
55490
1821
70419
53855
12832
9948
53991
26152
31680
41897
38207
80174
3712
74171
22604
21787
41433
40776
76727
1355
48042
12419
83455
57111
34287
25248
13582
34746
64937
38631
3134
23012
52776
26347
51341
49355
70187
20754
17993
75167
76184
35154
49618
36292
91393
89770
83644
59931
39346
7770
33114
84373
86206
7776
61682
32252
71780
75502
12970
22896
16709
49733
92588
27815
68373
86475
10943
67198
65350
46265
44508
53792
26006
23801
50297
90318
43793
60636
17151
41089
17849
91222
92800
53852
39777
65762
71985
3971
42201
47460
21014
35641
60047
34706
66295
6262
6716
76889
76389
40285
91763
61810
13579
36294
36982
47464
80025
89801
16941
59797
75535
12512
76995
66218
2129
61930
83824
39120
81228
69785
72203
93364
63328
12920
76455
83779
25777
55058
37949
40417
11959
21181
41844
23973
55065
58887
10700
77266
23599
49129
93282
75325
95501
1380
94984
34914
40867
57132
89525
2146
78240
51197
76524
71724
47642
52578
13486
38361
6793
39826
11989
4971
59644
68447
77842
21875
3133
80902
68357
2450
74218
89749
87930
23904
12323
29868
16406
83847
54563
65878
11209
30741
19278
41647
52220
24911
47551
75156
86164
91384
26583
5343
46145
36026
79280
61124
72858
69198
24281
65714
90563
24150
71202
21137
49468
75739
14860
58352
68630
60991
43663
18936
9934
6415
84834
20415
13643
10101
35420
87443
44363
70396
59268
34929
82883
25660
53841
16160
33795
15967
23931
85617
47494
19314
11272
95315
18288
45429
53926
48378
44149
47370
10178
80830
26229
19039
2387
65266
47172
49981
22434
86761
92725
85798
35187
37981
46348
80331
43874
46593
69278
59075
34950
67448
65600
78174
8975
60919
500
52175
45213
49570
43873
86214
19890
45194
47377
27147
21717
14252
6689
11584
30998
85015
14335
53436
55800
40466
22822
70417
70091
56283
94107
31362
55344
41162
39255
11867
89464
61417
61571
54351
358
23094
94766
31869
1123
95283
15451
21192
93961
13661
95213
83894
91089
60881
42743
7540
57730
20352
81951
65898
19905
33390
36672
55843
5683
29157
32765
33609
5217
24483
60728
78618
86167
72268
78843
93257
46453
55622
46698
19147
32619
36121
33475
33991
68960
31755
33541
54417
75555
54400
26105
29592
56921
80408
70315
74287
93685
55350
35722
26817
34721
33307
79907
89789
37182
26528
69310
60085
67774
8819
4279
86056
81711
93243
72651
19944
94586
53842
1082
62689
49560
9897
25897
13334
575
84945
6436
70341
53151
82398
29705
82578
80694
51270
14447
76242
29199
7338
20056
85804
50109
74115
52952
90140
70889
89024
19241
86463
55072
54604
8554
48084
40625
26749
34252
90717
70920
85055
52758
29212
35446
68676
78941
7270
37662
53761
49942
63490
43946
60052
53893
57517
41978
18295
88106
57651
31489
80400
8297
67691
69999
72348
82007
7378
85874
65513
86622
26372
28770
83716
62735
17095
87931
49204
61702
3739
87686
88144
13439
55894
24093
1329
8354
43642
73910
40140
50950
72669
70143
82740
55203
88754
32727
40775
52521
63683
78272
54187
50351
23001
64182
78865
54315
92948
39548
48914
466
35216
62040
70279
89784
2329
52232
56890
59227
94915
5103
46038
76050
9261
74734
90900
14605
37457
37847
76469
92932
60889
53364
58947
68597
55367
80303
21577
82049
52620
80950
19885
32817
75389
72233
83986
29122
73198
74789
86236
26854
69354
64644
3333
88007
53981
19107
28421
42289
17928
66183
23945
33106
44255
20975
95633
70194
90422
54951
85595
37353
59134
27383
89907
23102
95028
15390
33871
6943
3398
33098
76707
47568
55968
75471
30238
92703
6925
4320
8078
27214
61819
76941
78438
40360
94347
12455
60988
69875
43994
42959
2814
47517
51508
42523
68617
60235
72552
61575
88488
71085
87838
18423
86697
23689
56014
43484
30687
13478
43729
36459
41583
5488
55049
28013
91452
78437
89131
56072
71046
13430
48821
10862
51310
36469
39738
45055
31363
21451
28555
15468
93660
91677
93301
67722
21212
55461
71406
4212
23743
30273
64530
19993
60632
23498
71702
16026
49846
61027
64811
80557
57066
30032
75935
78736
55520
75880
40523
1406
64838
22210
84274
43195
63547
22441
14461
79174
6186
34751
25478
85025
17952
80509
24860
62477
57705
24991
61276
57144
4086
29246
25823
34201
56022
37900
58997
19588
38976
89632
36945
50829
36649
27853
65014
81899
25065
90138
87449
39045
20342
29083
90888
16501
5450
54527
3107
36819
59217
49502
38875
83423
20433
65649
66171
27901
46039
44514
42579
28092
38785
61224
57896
79633
59443
64004
85517
39669
77857
49966
60967
80907
30005
19037
83482
8935
75822
14974
4511
29677
26817
71536
11960
58906
61286
40616
35721
23150
93181
87587
67001
76282
39858
73532
89855
85769
20983
67729
9686
19417
95005
93511
24153
89814
52063
42786
29698
24207
74903
56937
76523
47426
70039
55294
26842
23878
81082
53262
92639
22988
43189
8377
77111
59586
28893
85123
12619
88360
372
50035
83853
87702
22507
56242
13000
1015
49281
77191
87331
29593
53936
428
64903
33460
12298
33354
47533
67268
50330
34122
34384
95293
3566
15357
46626
62620
72307
17916
37975
61185
37628
90730
61206
67511
11086
85962
23918
26828
41160
38642
11237
83930
72082
64821
64376
5250
34647
17701
50137
35599
3614
42367
89646
36830
83218
26432
30609
74123
34916
60388
22735
81712
23010
69821
74557
25578
92969
89804
51248
45262
47155
95249
79996
64533
22868
34439
31034
23756
2267
30506
45403
32290
15730
12179
9837
19241
60237
88904
50307
13248
88963
36739
51110
25079
89290
93474
263
17268
74197
67380
52934
66382
53832
44986
34719
88653
59400
76687
89288
90977
60328
63058
29418
78706
10183
2075
4731
13596
31641
56991
1935
67198
1704
45403
83038
48426
69980
81718
91501
46999
25698
84680
35930
52033
5982
58982
53608
894
85518
51341
573
71466
8379
58636
54052
86561
70628
84979
73459
5281
33260
59692
68409
94821
75538
67705
9663
45382
35305
50696
6887
52618
31904
80319
69774
46908
13285
11761
26064
34177
37298
89181
92998
20984
39903
15149
33960
45870
9866
70648
30041
41252
66776
34608
5432
12140
4485
79476
20162
82492
85731
35672
66448
9532
59120
78937
36696
46170
6120
80839
349
57655
92711
44976
11552
60109
68816
15906
56524
45247
16587
18442
31885
13822
54907
52102
80125
10250
53819
90809
34523
93204
73637
37986
40746
58777
39443
45345
76287
78620
85928
29061
80392
93973
43032
28224
78857
80190
37917
92753
45151
28760
80661
7647
78419
43210
12144
88623
21814
30753
60251
18176
22474
74799
19540
91757
71547
84251
74430
50026
315
26419
37324
43694
59149
94086
29390
95633
93266
48061
59685
17346
21321
55730
17185
27553
12691
21837
47844
15570
8564
31547
84656
59483
58961
21876
73271
67138
83642
80287
87915
75379
72689
43558
13762
66671
33914
23421
57876
63361
66922
47292
6232
74386
7381
9684
89275
83072
25901
44767
10058
91108
49063
84964
34959
39284
20373
75380
20099
72321
82823
64182
77582
37522
88974
40276
1742
10983
87576
67788
17604
13798
29757
56003
81205
38594
49096
1855
26210
36912
36295
1908
15528
38937
59054
20864
79359
23339
71124
24991
56207
17290
94600
12669
7278
23638
12658
53633
75378
1019
89630
1052
10109
59903
49048
36014
74428
91644
70542
32235
77326
50505
50007
56351
45617
67008
57521
51665
29719
94929
24578
80852
55313
63728
31076
13946
10687
74273
60567
67227
4308
62058
134
13738
32110
37693
81316
45962
77508
38641
40351
57774
78055
90873
66846
92871
45201
89990
3625
80140
90089
59313
69129
40652
8851
45069
60765
60455
44142
85383
45829
46468
35152
25312
6020
32799
65411
84871
39784
90949
73786
81349
66115
84535
72727
36259
10039
52565
45503
29486
40785
84953
592
34339
81226
13462
11091
60105
44368
57203
42402
21737
85992
93594
68334
31720
10753
23330
94961
93822
77374
91957
31230
82575
33724
92189
3307
93091
63121
4056
23483
42404
94112
51146
25454
11208
16155
17914
76615
36736
48293
45641
2563
58459
89687
51845
8434
5884
10139
26832
55056
50739
31465
70801
19292
4093
37070
78275
92690
87316
72772
47029
72572
6868
66598
20381
48982
13980
35363
83333
77542
86080
19925
68294
91929
75931
33645
91578
42707
16169
13086
31824
86900
15515
42194
71640
62303
81127
65288
30593
6546
25064
29415
48135
22563
85890
59243
69325
36701
91439
82939
87425
87903
18326
61649
57329
13434
40840
72061
74944
81342
83939
82111
60008
53708
29777
45107
10632
16824
62779
1356
19363
50911
6676
92747
71427
41447
69584
40347
24595
41430
45501
60840
1103
81367
32134
58223
34488
23605
27974
95111
94102
83879
16749
14600
84785
37760
48871
54166
28543
47749
9209
27841
25920
94534
68875
66439
66362
15799
82535
17735
63840
41713
45776
28069
61475
36111
86797
94498
47565
58484
74374
77816
75393
26362
31891
6019
69513
95011
89398
85498
5104
74549
58965
2796
82767
47968
50894
46367
58745
8916
69714
43352
95384
91605
22679
40604
10772
63653
64738
34888
35025
33095
57429
69660
78057
84063
62685
91670
29729
33647
17502
9302
55319
7877
28662
9204
54381
79215
59342
39010
78221
72305
72747
50187
24013
15398
42488
15275
83635
82617
53769
84796
1990
69066
75926
16550
42106
71735
46716
91404
23505
78787
31700
498
91722
10114
90412
66179
16757
86916
94832
82787
13923
81120
51130
565
40717
84304
35759
794
6544
91267
78497
34784
28557
75591
88648
85738
39143
57429
46433
57276
69968
28344
20075
55330
81186
13473
36201
55710
86116
59700
85753
10148
68865
72549
14799
58375
74173
88486
28685
89529
33004
80776
47273
61491
14680
24955
55921
56684
68131
42254
10487
74557
91758
61426
91007
10923
38280
28444
3222
56558
79950
76275
41794
14
88690
33351
84842
18859
32591
61640
15205
65835
86674
68253
10499
19712
23793
60399
9315
77067
66714
47291
38023
86692
73049
37898
74060
67783
42575
92997
73554
31502
64229
42071
39818
4568
63962
94546
3372
7743
69497
71523
44666
36331
78051
57915
59687
3811
75590
53139
49488
5758
42290
32856
92123
31611
49905
67283
2818
90850
88303
54131
89387
17538
62352
24632
42079
62194
81615
79446
8540
54723
11276
34438
46034
30328
53506
26218
58854
70900
58546
45537
80590
25130
35425
33308
24598
1985
28803
47819
46870
84100
53765
43974
67009
52624
75441
38165
25806
59572
12941
33650
9101
74099
54056
32661
59257
7409
80860
26724
70487
83757
49599
47616
47605
31925
11427
28418
7931
46237
24886
91668
84546
18501
77890
21832
59928
30575
30804
43628
40917
92512
87745
12577
28337
60959
47553
81028
11570
80551
63122
31534
39039
56699
82972
49130
6054
10071
63268
30273
33165
89302
28386
16069
66005
67113
2737
10789
45957
58914
41726
68576
4296
84347
55432
84552
1316
23911
48256
13258
92560
92610
55171
84053
73189
46402
38753
55583
24040
44245
63648
2548
6550
68935
90783
8044
17065
1943
85360
70859
29842
74266
20627
63554
92815
3078
94455
70447
75116
37571
34365
62841
3578
78944
29585
92525
81443
66675
34417
52397
12450
69989
11623
91110
61731
171
51723
67657
66997
51746
9210
8681
74038
56503
82558
69841
10712
6657
21310
73667
70787
31595
27884
30865
51294
83393
49628
30702
6489
27180
73907
88833
58099
30977
19967
16383
33695
63732
56275
50017
21252
59379
27096
69174
66045
75245
14660
27944
5305
37430
56284
76085
23071
82663
49055
10599
61816
94009
82979
66668
83506
79305
8058
2655
14431
60227
39098
22463
10455
47789
42353
18635
11954
4304
20489
22535
84480
72902
14956
89041
86474
15332
80343
36933
73467
59813
94751
82224
43140
2727
31019
45018
68612
27983
93773
30950
74165
14672
83947
29977
46500
59071
18473
47932
22732
70042
19785
95386
22714
54875
18110
88173
36480
55021
65585
15638
4050
60127
45012
31513
9373
68001
69458
46780
24072
12868
44350
7901
24698
87470
5776
58296
91782
12521
78071
49690
12304
64972
77906
9879
2846
16300
3125
95190
18538
36371
50630
31206
40636
6165
72536
50462
20483
60178
54922
15288
73653
63852
19760
23500
60246
7271
54349
1099
40463
7108
54566
6666
62018
16689
72064
58540
47235
84345
37593
31643
59744
61114
44167
41364
51302
33745
22315
24873
54416
59425
9285
76613
86124
63741
12269
52417
85149
81635
27053
683
90998
54987
62573
38538
68335
23904
8466
95474
61378
13857
58501
78030
36943
71228
48249
41446
14248
41484
60629
91282
94756
32209
53149
21732
53318
22273
22418
85823
94915
60995
70569
79827
76388
26205
9267
12822
34063
36496
63568
84312
32342
48159
60177
51185
69755
66079
9738
91429
30618
30675
6777
68243
50733
6524
75879
58053
13130
86692
67351
95555
6420
38371
69489
85002
63763
563
87698
41918
344
42719
74489
95312
59539
79396
18796
51026
75350
56109
83100
79520
73868
85928
29975
61158
84387
79469
4385
52095
92275
1469
21485
22234
86856
31840
16888
36737
19931
68623
48654
46123
2593
88750
11364
39006
26262
78233
32427
77446
17766
40481
54949
84497
50477
92349
28988
37257
3676
65578
56
41507
93990
28973
55944
74736
65429
69946
25645
24928
75663
60869
29275
11184
50379
34796
90455
94405
61558
68499
6039
54358
85389
8664
37945
91390
76222
51477
89520
95130
20738
31292
9040
4646
67691
73895
48127
95609
89208
13670
76312
32302
47542
67217
64417
78204
35461
5743
49005
11543
68061
29988
31048
69287
30170
61779
39038
18526
9987
37966
7557
87609
1304
86994
7078
37301
40376
77015
69044
4241
74322
72944
76333
69230
37549
22468
5165
82701
46978
3564
72648
66581
40172
16800
22422
62115
63602
78885
30659
55909
65337
84422
82051
34996
79254
11384
76686
74367
59380
49730
32383
72382
39109
5913
39016
45085
2808
82127
36097
75609
39982
22667
22367
29057
22987
12244
50330
16774
52244
77820
45873
69562
9030
90185
15561
83248
49730
49405
29289
18671
67478
36721
38144
74007
78013
66557
94853
46760
19881
64154
66902
6040
6923
93400
26598
69081
95174
95079
25144
81090
78389
25193
10066
83612
12087
41463
42241
7106
31599
9723
9303
85348
89343
6775
69610
87740
72035
60251
47789
66328
94001
64276
10135
2782
77284
62105
43494
59890
88410
54914
76990
39975
66693
53526
75597
19930
87808
63818
67981
78375
4262
14756
68366
20561
58747
54959
1676
77818
93730
51883
9243
40053
88075
41449
82941
9166
66372
65719
21927
53946
1352
85354
1252
57973
9546
31739
22388
36515
32737
19600
79894
42158
39010
29250
50923
68581
52916
53941
16324
73814
69752
44118
2278
7154
58816
2062
78911
16662
6046
72329
86447
16584
54372
64095
69218
8752
24795
21795
23672
27633
62182
87328
4955
33032
75346
83406
78557
46810
71836
95658
84053
86902
42158
62815
68720
5115
42043
16498
5101
35039
28811
20471
75590
62616
1834
6576
42488
73945
54216
88691
94487
10103
32682
23829
71589
78187
8632
40961
4473
73355
33109
94746
44048
50076
70452
74790
17029
84751
53518
68048
72392
86474
84246
78189
62137
46276
1125
64567
31519
24751
64940
38593
43120
54538
29620
78918
45613
7698
89112
61814
41529
73153
78151
86501
91516
69722
61785
25336
56322
61817
17941
21561
39206
32002
62596
63832
35121
37322
68634
69725
36931
60270
83226
43133
21307
48927
20797
18034
22921
59364
3666
34805
73021
74447
40154
69809
43552
30530
8302
91282
17335
58973
9287
95061
16171
92528
38103
40411
84782
54688
38679
59082
89555
41203
60580
42244
44571
60977
12940
84824
726
70483
89120
88240
41211
50209
85587
65615
65974
86570
56842
14
34354
17894
36106
14104
49332
52579
57294
71700
36677
15680
25392
58099
31240
88691
51235
33156
15522
53798
40578
71680
47547
34788
78711
70573
72416
70918
38448
7743
82896
26705
27785
1037
5677
1733
42358
10285
14716
20810
47018
2289
67738
92328
46343
79259
85995
57513
30368
130
58502
8739
83052
42816
18150
12722
75895
13033
51234
2280
69675
40871
72454
5163
11649
41295
36034
42534
28008
23499
15847
64864
33830
27987
5079
37885
53322
48813
18100
87024
23677
59753
15977
72179
5486
27510
58831
65676
19309
41398
80934
89106
69294
76048
3280
50653
31644
18228
40765
12594
1967
77751
38810
61773
4125
44777
85753
70076
82870
44879
38550
26454
69304
55377
22685
55660
2702
24683
82865
22565
33881
24328
9781
30338
527
40773
82335
78435
17560
56796
44532
94573
54786
10313
14462
51319
75627
75514
16059
53902
47554
80488
11063
33749
12105
37711
49930
13779
13288
31436
36284
36763
39490
12041
35123
89821
86247
57207
68679
22139
91027
44042
24990
30162
72096
87035
397
38536
22226
49984
66603
49583
30200
6378
23226
48764
88278
2957
48627
79620
19816
95533
91825
17378
54179
28339
86024
27627
61378
69555
48202
85331
12504
49802
67814
21290
46800
13003
3663
11767
68156
87904
83702
22265
27274
12547
23597
56807
1133
38107
20499
36748
85607
8634
4611
42491
42312
78190
92044
67135
77857
70177
82695
59035
89231
4980
66660
26686
32014
74749
19023
80473
77541
39472
57542
54663
3606
4141
57559
88734
32615
11177
17418
64739
32248
77283
24596
29930
74090
83452
84373
65849
4930
62271
74483
4399
95328
74354
21891
40396
22164
7210
91168
62184
13273
7875
43689
8866
66874
55109
48121
53390
71180
51801
68905
71671
3260
1837
12751
6806
30007
34154
33516
51380
94614
46485
38194
1316
36042
95349
75846
11043
49623
88037
17683
51410
36651
33540
12743
74285
91234
23595
79666
73007
4815
1971
37771
8564
93716
78554
18204
19790
95663
67920
94119
14963
42496
31493
13294
16789
73746
94548
93058
72437
17902
52453
33960
54494
56166
89737
11344
94152
35493
53484
35057
76140
42216
40328
74514
16160
3804
30628
17127
69348
35125
94352
11560
16340
84290
68518
555
84652
94685
61758
30827
31739
37798
43866
85062
31618
66638
6329
59738
65571
93648
46102
23085
85170
4104
85000
41866
20868
57550
66568
58777
67919
21037
18154
85274
25176
8742
22401
18287
30239
66078
35426
46338
31177
21082
55622
79537
58562
33300
88081
73274
88716
7159
18061
63470
48738
75504
82595
17085
25247
42080
46537
52283
13648
51679
82012
48442
73844
14684
37224
86710
81202
33962
20406
52933
84100
64538
67322
71381
33406
87233
32507
95269
52585
29779
4056
83217
81346
49168
33739
51799
39245
82638
13834
56388
92267
62581
83821
79219
50939
59237
67880
44686
65277
49194
25471
66729
18200
91563
13472
82753
77789
74156
75077
74814
15293
335
79411
32712
56298
29945
42571
51606
35383
8755
79730
18333
36522
62083
54864
15719
93561
92166
10398
60990
69008
21598
28982
2389
17465
92502
63502
46438
4114
85157
50768
51728
33530
68058
23375
25776
84793
13506
6977
62816
23697
85565
44850
15700
42362
3443
3936
31946
45537
26786
47811
19938
66609
77061
64300
67644
38499
5743
63518
59663
52105
53381
12366
78071
15953
4862
60171
24666
60966
63819
3385
8347
54824
44670
2508
43201
80462
64103
68629
92279
89194
22217
61980
80567
51789
76386
41755
32159
17180
5957
55812
87057
20710
45266
10522
67799
79541
74371
91192
28027
93089
35568
24904
22367
55435
54960
7992
15011
93908
86693
19953
4701
59887
23185
27365
14354
1915
20284
73558
53156
3473
49894
55925
70767
52562
927
89352
53570
67693
8903
4945
91190
706
86932
30815
42496
70831
88778
59196
78466
28230
1997
36318
72787
29872
90180
45548
3900
57733
95128
56269
87986
32794
20921
45253
64524
5380
73294
18592
84305
50279
22196
10953
83030
81134
66701
20010
743
52469
78438
5408
89494
76978
84262
64462
47230
53930
82958
20501
28551
56440
72048
43611
1244
21318
89114
83407
8452
92729
33197
7700
50893
81235
25888
39595
41561
79700
74957
32586
38409
52661
892
54840
70008
89056
80859
66526
17330
34745
38597
28411
40377
46695
71182
68437
79043
68449
41505
61322
6837
15923
39600
6907
14851
75921
19548
28109
74489
4141
89691
79579
74323
60002
82145
60715
18643
53803
90293
3683
81020
91224
94501
40852
68297
61193
8669
84442
34433
16822
73267
53117
55037
35885
92588
86024
81927
95614
25653
38933
92116
4940
581
861
67647
50363
67626
76700
32847
35226
27164
35319
38857
88577
52155
55104
58758
8984
25603
27634
48570
90076
70060
21303
77748
57147
85104
70793
12265
81162
48523
18809
43189
88027
49910
17577
17215
61824
49301
74089
71718
34374
69078
71557
69946
54539
18629
56827
27758
70738
78728
93344
15640
21758
63925
24943
87017
77013
70234
65387
4105
89578
57191
60819
78902
43019
52045
63136
80629
6167
71342
66140
30192
67279
73709
20336
90627
44743
18233
6680
45223
64164
34087
79192
57123
28391
42520
68560
76806
83860
73441
40870
64446
75599
88043
19794
70245
66011
73856
352
46703
79107
47144
64758
28786
75229
73606
58441
95110
32048
11318
42498
51736
78784
72022
93209
6218
82080
69717
70798
37306
75195
24553
22391
74251
80376
83989
13851
11512
65128
85291
54134
77264
44883
83491
61129
56681
50602
28559
64278
41050
11415
32838
34807
82410
80843
62319
40492
65812
69283
46941
48631
89000
3863
1097
12945
69205
60932
44999
87694
64543
43806
17099
22726
35889
77596
62273
30303
21967
90848
80906
32605
46489
32927
67447
28499
35717
21185
17107
91830
53399
69314
73267
38119
65880
35602
16585
36870
65423
30956
10976
91460
52134
29049
34104
45698
86005
93693
12556
55530
17427
93219
68393
34204
35932
67167
44358
37856
41063
62868
88708
26659
11151
82013
63053
39123
80607
64148
24354
15705
4909
33956
68593
62515
29184
23611
66025
54686
67535
66407
27595
93343
35478
48250
18988
7918
80980
86141
47745
57116
83913
66332
16636
36988
73537
66753
58141
79758
59825
16693
41142
51187
12360
44556
94665
56403
15595
77948
32855
14484
47089
76742
14201
49993
90259
69790
94840
55622
94316
72357
72099
95001
38072
56519
35541
22456
71496
5405
84995
17406
69829
87488
7236
61610
5326
85351
2484
1740
40528
2907
94178
92281
29912
5215
40862
73432
76272
65784
81191
90552
26636
51843
88932
41583
9306
43342
82711
58950
22754
85051
35792
34274
91375
37403
53748
16925
94719
80300
12096
58061
19000
64371
60247
84456
78978
13936
39207
7051
34169
7802
48833
84385
87531
55329
41631
38110
32321
57703
83318
28974
71294
42442
52466
7304
10044
50231
27455
6191
51267
19481
82332
39617
35638
73251
72405
16915
74837
94653
8422
16956
57289
32923
82524
50865
32319
7567
55865
8574
79091
19860
68020
42360
67580
65215
72500
51630
13758
80142
93383
41582
41326
51990
37384
12725
77581
32232
62057
2981
74207
23934
52022
93613
30553
90563
33345
53384
5631
23805
3334
77436
91131
14947
27102
18734
34923
88455
69266
34190
56243
85295
20146
77937
45432
27986
4739
54858
78726
40067
95799
29438
21922
12904
55360
56422
63895
92257
61411
44905
67738
59617
47479
53298
35723
17644
75984
60333
85002
73202
28918
69285
15041
93787
22027
56264
67215
22699
14856
37697
83737
28216
73882
53919
61626
39739
57703
61259
87458
85394
52934
19243
32241
63675
63536
86118
81898
23993
69860
82371
69936
21522
47036
80083
65079
6163
92220
66994
78852
22173
7995
8927
52791
443
27444
30445
8216
68294
73440
78154
45527
67691
19233
90494
94095
58671
40536
7192
33957
15567
8702
42152
24703
15511
66015
54688
22374
92472
30607
58180
86275
16169
56600
23181
73481
8962
56479
54720
89643
3297
33057
63531
18622
17228
40692
21610
44600
54595
28264
34267
34347
43389
83006
536
58708
88662
19609
38737
52907
76273
70302
46657
26731
19214
36823
92738
21868
58724
4359
54366
84049
52685
35450
60587
82135
42231
43074
22330
43127
81762
12361
63616
45091
48403
72890
15756
79707
25375
1422
56172
64231
62789
91133
65736
73489
19800
90408
66373
13880
35666
18511
77917
13669
60088
49391
36230
93120
75799
76780
38255
71606
56180
4981
39863
23764
89088
16545
61183
20675
46622
74149
53938
79033
54015
6679
41064
6496
49336
56718
11149
18469
42103
81238
32959
473
10871
22147
29359
75830
73586
45263
21877
83552
52082
63592
62347
27616
18228
40430
62840
90625
82556
6971
62248
57854
62575
79452
73625
43984
83445
78317
43364
69504
85471
43492
23019
49961
83118
12048
35705
56407
43835
32182
35958
81256
23596
46335
36450
54251
45834
21821
56669
91382
27078
90695
91393
33149
57924
14639
76090
69432
63017
80896
87651
22629
78419
65798
37807
50511
51971
57600
12408
17323
5557
77719
93457
25311
29372
61922
19468
2053
80608
41710
82344
3697
16342
60844
52499
75702
32309
89583
7925
32070
35006
43556
43223
6662
54457
29328
50605
84068
59116
70556
2354
67364
66459
74638
21409
55497
2156
81299
15629
37761
53364
95253
5241
22524
60626
56505
85433
93387
90672
8019
38639
83935
29781
5635
69867
36747
24346
24721
43810
90196
65022
40332
90860
60772
45831
71494
19348
65013
21314
52242
82468
29999
72796
17769
32949
41435
83336
70314
48470
37087
85506
77464
64391
70284
58225
1688
35698
34654
48042
2662
58420
33068
91526
70771
3109
6736
79372
24996
92095
65061
34509
37917
77950
60547
30396
9487
10337
23192
79775
93003
85696
34754
42063
15547
14940
1948
36987
20418
42645
64632
43192
23199
75878
92417
9372
57666
66731
23825
2576
55316
81274
94377
82326
91983
6334
1572
91524
34643
79770
11067
12451
90289
68769
70424
32709
79498
88750
72639
25080
83353
17908
18410
772
50020
19662
16223
20300
60820
90739
30983
3457
54752
8201
56915
67843
61847
4807
74803
60825
10932
24074
68313
17742
3717
20628
70381
75230
16184
54041
29609
5429
60079
95747
90546
33088
56076
68226
30164
13478
29468
88613
37262
53835
86736
57502
62478
29159
86466
66643
93455
16998
22904
70451
49983
61706
62854
84154
13271
55086
47893
10793
5259
73575
82216
65235
32333
62514
57351
33886
46610
95495
30643
67336
72318
35164
42396
9898
24902
52668
64305
75733
69309
13515
80311
89745
69300
3044
67627
35775
64165
54821
61872
27099
31494
75523
23347
87349
58247
13186
74790
11067
47168
90494
22491
31973
45042
79918
87468
40131
50589
18685
7439
56654
77336
90691
92008
65056
29976
63216
35819
68430
61975
36817
69208
86868
57032
35940
56703
94821
51949
26649
24371
90489
10175
22263
34740
14211
9354
74713
79353
6040
84587
41618
36409
65491
48475
24298
55400
9510
44687
75096
12308
65674
84614
29001
17072
61478
84460
35507
87186
78132
41635
30848
14324
1508
53748
45469
85718
29042
70742
49597
61933
6992
59625
71895
15824
8808
65357
56138
78237
3767
15288
990
93861
49342
80114
47097
8096
88578
43845
16418
69553
12258
28741
3672
91510
23807
27972
17647
27515
55393
29348
16477
17927
8256
69097
839
76120
61371
11384
19960
41171
65893
3383
91398
94673
76352
687
40840
64715
16841
73489
90831
63143
94773
32191
68845
11742
7038
89053
53137
85706
40714
5007
23101
28405
64137
84989
76891
9660
54018
10153
24127
50643
45173
50050
13922
2264
63669
56542
55723
13248
24269
58237
11064
23158
49885
60801
40976
87855
43009
52007
47173
81814
25313
32440
